LAND COVER ANALYSIS DETAILED REPORT
================================================================================

Summary Statistics:
            Forest  Agriculture    Developed      Wetland        Other
count  3109.000000  3109.000000  3109.000000  3109.000000  3109.000000
mean      0.278859     0.319798     0.106474     0.070580     0.224288
std       0.248831     0.269584     0.128132     0.104758     0.272522
min       0.000000     0.000000     0.001342     0.000000     0.000000
25%       0.047192     0.084754     0.046129     0.005736     0.025537
50%       0.217064     0.242128     0.068925     0.022055     0.088792
75%       0.473541     0.522268     0.109048     0.089431     0.372948
max       0.931480     0.929411     0.996603     0.790200     0.991059
sum     866.973260   994.251788   331.028123   219.434148   697.312680

State-Level Summary:
            forest_proportion  agriculture_proportion  developed_proportion  wetland_proportion  other_proportion  county_count      state_name
state_fips                                                                                                                                     
01                   0.476916                0.206383              0.097464            0.109866          0.109372            67         Alabama
04                   0.124564                0.018091              0.027259            0.005523          0.824563            15         Arizona
05                   0.413567                0.350476              0.067730            0.103755          0.064472            75        Arkansas
06                   0.207014                0.130964              0.094905            0.016938          0.550178            58      California
08                   0.280102                0.122747              0.063129            0.024640          0.509382            64        Colorado
09                   0.438945                0.049193              0.269555            0.081633          0.160674             9     Connecticut
10                   0.090991                0.274044              0.231282            0.187280          0.216403             3        Delaware
11                   0.066970                0.000447              0.826834            0.011409          0.094339             1              DC
12                   0.182208                0.169785              0.152675            0.298964          0.196368            67         Florida
13                   0.411640                0.202659              0.139785            0.143951          0.101965           159         Georgia
16                   0.249694                0.174977              0.043091            0.016939          0.515298            44           Idaho
17                   0.144926                0.681567              0.111451            0.030626          0.031430           102        Illinois
18                   0.220103                0.593625              0.139632            0.026722          0.019918            92         Indiana
19                   0.071471                0.815136              0.076581            0.020143          0.016669            99            Iowa
20                   0.048920                0.536911              0.063423            0.007420          0.343326           105          Kansas
21                   0.491943                0.360882              0.101535            0.014620          0.031021           120        Kentucky
22                   0.195326                0.245166              0.092796            0.299104          0.167608            64       Louisiana
23                   0.563755                0.042190              0.061497            0.115577          0.216982            16           Maine
24                   0.251847                0.234016              0.215475            0.096897          0.201764            24        Maryland
25                   0.327173                0.031671              0.238398            0.092390          0.310368            14   Massachusetts
26                   0.232403                0.227460              0.105801            0.157107          0.277230            83        Michigan
27                   0.120947                0.580642              0.090916            0.150088          0.057406            87       Minnesota
28                   0.374306                0.281128              0.078579            0.174658          0.091329            82     Mississippi
29                   0.330955                0.535023              0.089002            0.020876          0.024144           115        Missouri
30                   0.204558                0.162588              0.022692            0.016539          0.593624            56         Montana
31                   0.017807                0.496957              0.054983            0.022686          0.407566            93        Nebraska
32                   0.104652                0.013006              0.024984            0.011447          0.845911            17          Nevada
33                   0.683738                0.036181              0.112095            0.088778          0.079208            10   New Hampshire
34                   0.214198                0.098344              0.405621            0.156558          0.125278            21      New Jersey
35                   0.142332                0.026046              0.027255            0.005003          0.799364            33      New Mexico
36                   0.426801                0.203018              0.170186            0.068962          0.131033            62        New York
37                   0.420682                0.208608              0.141242            0.116143          0.113324           100  North Carolina
38                   0.014773                0.599360              0.041317            0.050260          0.294290            53    North Dakota
39                   0.283943                0.480893              0.162053            0.013920          0.059192            88            Ohio
40                   0.218808                0.287528              0.074786            0.010099          0.408780            77        Oklahoma
41                   0.404550                0.119879              0.057939            0.020048          0.397584            36          Oregon
42                   0.562388                0.215265              0.172686            0.016156          0.033505            67    Pennsylvania
44                   0.251682                0.024481              0.283351            0.091467          0.349020             5    Rhode Island
45                   0.369315                0.169118              0.124849            0.205463          0.131255            46  South Carolina
46                   0.026739                0.535384              0.041065            0.032225          0.364587            66    South Dakota
47                   0.499231                0.305095              0.121036            0.030216          0.044422            95       Tennessee
48                   0.111341                0.259179              0.081017            0.048044          0.500419           254           Texas
49                   0.260877                0.035990              0.042433            0.014567          0.646133            29            Utah
50                   0.652933                0.135359              0.064612            0.067790          0.079306            14         Vermont
51                   0.421324                0.148900              0.267397            0.051934          0.110446           133        Virginia
53                   0.382608                0.158346              0.076269            0.024268          0.358509            39      Washington
54                   0.779862                0.104272              0.081406            0.001879          0.032582            55   West Virginia
55                   0.266862                0.335104              0.087951            0.170578          0.139505            72       Wisconsin
56                   0.107500                0.037623              0.017747            0.021094          0.816036            23         Wyoming

Regional Summary:
           forest_proportion  agriculture_proportion  developed_proportion  wetland_proportion  other_proportion
region                                                                                                          
Midwest             0.154996                0.542080              0.090984            0.054276          0.157664
Northeast           0.474439                0.151447              0.187290            0.067970          0.118854
Other               0.313082                0.301988              0.079271            0.193700          0.111959
Southeast           0.431864                0.224145              0.142554            0.105254          0.096183
Southwest           0.136396                0.235098              0.072942            0.034904          0.520659
West                0.255950                0.122615              0.054195            0.019129          0.548112

Correlation Matrix:
                        forest_proportion  agriculture_proportion  developed_proportion  wetland_proportion  other_proportion
forest_proportion                1.000000               -0.457383             -0.060572           -0.079869         -0.401433
agriculture_proportion          -0.457383                1.000000             -0.139262           -0.144209         -0.450684
developed_proportion            -0.060572               -0.139262              1.000000           -0.020863         -0.269086
wetland_proportion              -0.079869               -0.144209             -0.020863            1.000000         -0.159011
other_proportion                -0.401433               -0.450684             -0.269086           -0.159011          1.000000
